a <- c(2, 4, 6, 8, 10)

c <- c(3,5)

a * c

b <- c(100, 200, 300)

a + b